6807
5249
73
-6342
-1070
1272
-2456
878
7923
7709
-5560
8165
-5508
-6958
-2013
-7497
-7673
1729
8840
-7388
-5697
3169
7709
7157
-440
933
3099
-9722
1816
5335
9097
-2174
3512
-733
-6190
7633
-9021
9149
6579
8821
1967
672
-8607
9336
-4515
1745
-4772
4091
-9806
-3643
5001
-8847
6708
7944
5668
1490
-1876
-7804
-470
-9097
-2278
4666
-1451
8024
7801
-3147
-9023
-2592
-1772
4933
-9702
8981
-1365
-1987
-6135
-186
9063
4536
9425
-8331
-5885
-9906
5629
-3499
-3483
4195
105
404
9451
4298
-7812
-8877
9505
-3118
-3248
1566
6716
337
4438
3144
1501
-5103
-6129
5828
1137
9358
3177
-7603
-7706
7904
-8391
-3769
9745
-5825
3635
-3702
8142
-9601
-2032
412
-9740
3557
-8406
-1992
6395
-4032
9113
-5470
1006
962
7942
-4635
-7918
9852
767
3821
-4305
-5288
3671
9901
-1410
-5169
4738
3057
1616
9790
5640
679
7335
7006
7972
6098
-905
5319
-6546
-4777
2289
6760
-1095
-3874
6123
-494
-4187
6770
5238
-906
6220
-2156
2366
-9466
-4774
5394
-8637
8738
-2156
9590
6550
-4841
-1377
-5053
7385
-2783
5272
5539
9247
-7615
3496
4885
-9377
-7580
-1856
1968
5735
9915
-8375
-6466
-3958
6011
4679
-5848
5244
7295
8818
396
-2308
-8185
2991
-9967
-7331
9397
-447
547
5825
-8790
-338
211
3808
3377
-7239
-9375
7335
-8132
7995
-7224
-7233
7439
-126
-669
-9444
6301
-1128
-9440
-9906
8984
3755
9789
1407
-1985
193
-7231
5680
-6545
6855
-2494
963
3502
-3324
-6892
-6751
-7669
7844
-2362
-9192
9997
-1349
4849
-4797
5731
6531
8014
5419
6775
-7991
180
-2071
5223
-5946
-1740
6737
1545
-2683
7525
-5800
4256
-8436
-9403
-3352
7704
-4450
-4850
-8024
-8588
8554
-7203
-7496
-1619
4748
-2935
9378
-2301
8209
-4871
8553
-4517
447
-5393
-9227
-4678
-5695
5176
53
-2776
-5370
-9634
-4600
-9556
5370
285
-6984
3898
-1845
-8867
5557
6576
3178
8266
-2643
-8289
-2122
-9386
4819
5737
-6867
-9409
-6280
-1238
-3367
6197
6031
8588
-9411
4873
8877
7304
9358
-8800
7254
-1040
4915
3947
-4520
-2270
-45
4546
7107
-8762
-10000
-5074
-4965
4857
-8887
114
-407
-8640
8354
-1582
-4643
-7415
3729
-8985
6563
-3898
-9083
-3357
9419
-7033
-2253
-4731
5395
-6697
-5527
9103
1748
-5615
-4342
-6541
-4594
3930
9824
-4868
-9027
9603
-3103
-2080
-6050
5231
-1520
-9797
3900
-5480
-7467
-8742
7003
8676
-9050
-6066
8780
9879
-8168
-7426
3549
4542
-3751
2771
-3690
5879
-9017
-30
2040
-7277
3650
-7029
3229
318
7746
299
-2770
-4379
776
124
-1756
6958
-2304
-3229
-936
1560
6598
8751
-60
-5497
-449
2801
-2795
5080
-9582
9274
9649
-9587
-6680
9025
-7988
-8217
4788
-5883
-5992
-8450
-4676
9195
1257
-5489
5690
8666
-7590
-9407
553
-435
960
-1258
1403
4352
-2693
6141
-5090
3200
2799
-6873
-9829
7787
4414
1625
6641
9517
5348
-8158
4315
5974
-8555
1373
2220
9911
-761
-4946
-8695
6929
-7747
4189
5166
-5644
9304
9860
-4102
-4408
-8280
-3884
1580
8867
-648
-3061
8698
4901
-9189
6616
6891
-1329
1728
-3329
1661
7045
-6880
-9760
7158
9453
-373
-4650
3711
5563
-406
-2467
-8273
-2173
8795
9531
7442
1516
-4994
8515
-3076
-7399
-2903
-1339
-2897
4324
-9892
-5064
-7719
7015
-6290
-6784
-8095
5973
-2219
-7280
791
-8831
7865
5827
-464
6728
7125
-9616
-9833
-51
-9524
6046
-8424
-1334
7467
-9480
-2616
-8009
-4790
3258
-1789
-1256
9518
-4282
-8066
-3175
-9233
8689
-182
3014
1825
-7082
8028
3029
8034
-3273
1240
3754
-3460
-1604
935
-6917
-1952
-3135
-2989
5252
3064
7876
7237
2675
245
-7290
415
-1808
-5290
4747
-6963
-8701
-1553
-285
-8307
9579
-2871
5164
3979
3501
5525
289
4958
4033
1800
-4911
-2330
5217
-9154
-8962
-457
-9662
-4064
-6679
7719
6496
1247
-6212
-1641
-4013
-4965
-4765
-6088
-4316
-4011
-6216
-6266
-7333
-9481
2615
-2955
-4024
-3339
-4175
-7181
1631
-7097
2698
6798
2639
4004
-497
-9321
-1235
-2609
-5893
-5076
4365
7121
4454
7106
-2550
1703
832
1032
2141
-8346
-8023
-7783
3900
7289
3465
-5253
-6378
-121
9317
-8484
-5952
-7238
-8971
-961
2708
-4097
-7343
761
5752
-8534
-1379
-5443
-3004
-3045
-3070
-8506
-4445
2221
-688
-7707
1427
-7768
7444
4791
-7802
-848
-5144
3570
-5697
-2561
2914
5799
-3234
1835
-8079
-3957
-7248
4086
-281
9150
-1590
8623
-5331
-395
-57
7311
-7569
7992
9816
8699
-3029
-9361
-8630
-4164
9891
-7143
4833
-6672
8177
4410
7683
-4824
-6511
2091
434
-5289
-3096
1026
-5109
790
-9478
9364
-3110
-5116
6813
-8559
-2873
6179
-4216
4537
-130
-2439
2581
4165
-4198
7732
-2668
-2146
9759
-153
2377
-9538
9010
-6181
8150
3377
-9059
-6164
-3280
2299
6112
4759
9956
4390
6152
48
5014
9044
4918
-9850
101
-8705
9821
5731
-5499
-1755
4961
-3943
-6490
3928
805
-7827
-7863
-331
9096
-5497
-2579
8675
8518
-5700
6489
-9738
2054
-1737
8643
-5111
-4750
6735
-585
1364
2494
963
-2242
-4348
-4908
7316
-3286
-8580
8060
-2550
-6632
8741
1847
9196
-5213
-7499
-1766
3128
571
7448
-2125
7253
-8129
-671
-7707
3719
3471
8820
-4236
-8921
-7370
4410
-1920
-3887
-6658
8138
-1618
-3956
8828
8393
-6425
-9020
-1000
-4404
-4053
-2630
-3913
-3457
2733
-7148
261
6824
4400
-7620
778
1857
3423
9498
-2986
2845
-8338
-1491
-3390
6849
-782
9290
5055
-4257
8555
6385
-3466
-3725
7321
1151
-8774
5251
4459
2783
6714
-3563
7879
-2302
4100
-6863
4285
-4122
8284
342
-5085
-4040
-6933
5140
707
-6434
-9272
-9438
-3637
-8031
-7110
2623
-7722
7313
-4239
-2990
4840
6978
-4000
-2606
4507
-2344
-3449
-8214
3431
4544
-9261
-1224
-2416
4252
4108
5514
1454
5019
-6972
-3329
2370
6663
-2053
-5976
-5457
6854
-3992
4981
-9448
-3712
-1837
-1641
1019
5379
5356
9461
-1513
-1647
-6101
-4212
4244
-120
-7534
8283
-4726
-9764
8909
8567
-8166
-2061
-316
-349
-451
-734
-2533
-9890
9589
-3673
7773
-4419
-705
-2064
7874
-4565
8231
-3028
-6972
9798
9070
4587
-3703
-911
-7354
-910
8111
-3388
7463
2112
-6219
1951
-770
-6679
3213
5128
1950
-1400
-1041
-246
-8
5194
-6670
-1368
3559
8777
-2221
8632
-6728
-3617
9081
7153
2622
8521
7956
-182
5591
-3100
-9804
4120
-7296
3599
-2871
-2856
9175
-9130
8416
-5401
-2920
4618
-5712
9452
-1872
2800
-2338
-5160
9149
-3615
-3417
-5485
659
4878
-4041
8561
-1618
-1952
-5946
-560
1381
8770
-7972
-9749
-2456
-4131
7595
2469
-7290
-1828
-4077
2125
6219
8850
-8569
1243
-2154
-4131
-3330
-8606
4610
-3608
1064
-476
9361
9519
3620
-8438
1661
-6275
9434
-4051
-7910
7322
-3740
-9907
9928
-4878
6381
-3634
-3532
1023
2722
-3361
-6483
-1207
-636
9178
-8044
6771
-1659
1355
-9164
-1511
9728
-2880
4902
312
9616
3347
3946
2851
-7328
-4189
-3477
1736
-7395
-393
-9367
-2134
1553
-8588
7925
4040
9153
4257
-8267
-1705
-1861
-7749
-8742
2694
4160
1138
-71
9875
-5402
4292
-4367
4562
-6724
3236
646
-6127
-536
-2516
-7808
4119
3842
9328
8859
-9738
-5855
-4284
-2873
2172
-1252
-6000
4370
-8602
-8708
-455
-1072
2300
2143
2192
3563
4783
-5728
-199
-5991
-3779
4486
-5487
5769
2531
-4643
-4181
-514
-3144
9816
-5746
-246
-186
-7385
-3463
-7034
-2703
8877
-4240
7412
-9809
8231
4174
2463
4877
-9676
4784
-2167
-3250
9527
-5001
7429
9609
2144
5364
2451
2812
1979
-5866
2407
3583
-2400
4259
-1690
-9247
5891
9321
3225
-4747
3929
6096
553
661
-5142
-2509
-7037
-7080
-9232
-8313
6526
5472
5219
5641
8204
-7049
-1908
8445
-8630
-526
-8038
6176
-4683
-4174
8413
-6656
-7429
-4021
1035
-1871
7288
9848
-9022
-4383
7723
-2162
9508
-1071
4926
-32
1806
-4801
2255
9829
-6724
-6512
-2104
-7181
-8136
1137
2416
-9682
-5509
-9317
8398
1120
9748
-39
-4349
1018
5977
9946
8661
1478
2228
-4937
-4765
1506
1308
8968
5679
-5881
-2677
-323
9392
8953
6978
1853
-705
-1729
-1525
-9796
-3038
-1968
-1181
-6469
4035
-532
2468
2610
234
-2730
-3222
-3735
-955
-6721
-925
5327
2687
-4637
9037
5766
4534
-6917
8675
-3816
9555
-5844
7399
-6336
2093
7886
-9367
-5076
-1953
-9806
1330
6767
-4335
-3090
1682
6805
6314
9652
6241
3585
7591
7806
-5240
7960
-9088
403
-6570
-8915
4200
-1415
-5533
484
-6012
5200
5686
-9900
-4505
-1801
-8898
-5572
-2817
3917
-2864
-2198
4489
6578
9725
-9211
-3278
-9405
-9395
-7681
8691
-9279
7774
8514
-138
5706
1283
4626
6419
-6199
4330
7644
2375
-6742
-8538
-6869
-3264
-9280
-1692
-8976
-3053
-9492
-1589
9397
6000
8314
-8104
3999
5645
2533
4962
-9461
3754
8821
4286
6536
-9990
4662
8173
4493
-3365
4988
-5429
-3162
-5179
-5109
8413
560
-43
-5908
8743
-225
2768
413
-9585
6636
9891
-6653
4369
4832
-5866
-1072
5143
-9121
906
9054
-4193
2537
5203
-5579
-2553
1034
1949
9416
-2241
-8062
8550
5183
2186
-8904
9685
524
7922
-9637
-819
3012
3251
2202
5495
-8464
3454
-7792
-3020
-1969
-9170
2095
-3286
3112
2136
-63
-7991
5685
-7081
-5619
-390
9908
1609
9439
2867
6119
1266
4999
-5480
4515
-7423
9922
7142
-6020
5881
-3115
30
6325
2436
-3006
-6055
2602
-6767
-1520
-6544
2834
6517
8881
-1219
3458
-7195
4992
4160
-1349
6201
-1458
3944
-365
-2445
-8128
7443
-2678
7013
8441
-5219
-4221
-482
-2840
-8271
-5045
9082
-636
-6968
9313
9195
4328
-7496
9855
7711
-6119
1610
9904
2551
7616
6761
-1136
-4595
2122
-4887
-5057
-1364
-4882
2994
2188
3743
7639
4502
343
5070
6219
-1788
-6683
-68
-2218
4097
-2141
-2927
5590
-5181
-5990
-9089
3015
4978
-1458
6045
-1730
-9438
-6992
3983
1099
-9291
8213
8550
-7049
4665
-6498
1617
4953
5299
7916
-2416
1869
-2558
-6497
-8485
4329
-2743
3382
264
-648
-4846
2526
6027
8755
-741
-7048
-2614
-2578
9129
-6214
5549
-8121
-802
8890
8603
4686
2443
-1173
3585
-9802
-1413
817
4031
3476
-2539
1563
214
-3617
-3168
-278
-4489
2791
-7129
-3858
-5267
1553
8030
-7620
8704
-5085
8887
7110
-3319
1558
-1214
1433
-5960
-7341
-8064
7562
6938
-246
4526
3526
-288
-2405
8621
-8823
341
-842
-6946
-3980
7197
-5273
2451
9462
332
-7063
-9196
-3943
4405
-9093
9943
4258
6539
7343
-6303
-7719
2965
-8543
5605
117
-1588
-4376
184
-8541
-9701
-7784
4740
6851
-2154
2922
6893
8615
8049
1361
3649
7231
7796
-3877
696
-2556
5250
6238
2431
9359
5935
-8735
7801
8387
2437
-6052
5120
5424
-6106
-7225
-2097
4989
6286
845
4143
7257
6332
3261
-4422
7104
-5798
7031
8220
-5314
8630
8643
-7633
-4352
-6156
7317
-251
125
-8727
-2137
-4584
-3320
5348
-9021
957
-3186
2705
2189
3307
4905
4527
3614
-6285
9308
8897
-551
7495
6029
-974
-2134
-5602
8985
-3338
7518
8853
579
6203
3383
723
559
3221
-8826
9034
-7325
-9298
-564
-6721
-7085
4750
3013
-1150
2492
-7052
-5917
-7019
-4153
-6792
2706
178
-7694
8267
-5886
3910
-5530
-2642
-1383
-5054
-7696
7656
-337
3637
-102
1734
-1344
-1492
3012
9113
6280
6724
9104
-5387
2073
9962
2979
-5623
-1731
1147
-4369
9753
-4367
8739
2520
1194
7597
-576
6871
-5042
3320
-1052
-1982
7401
-9483
-3608
2613
-6420
1356
-2060
-1406
-6132
5670
-7537
-8351
-4866
6425
9871
1891
-4350
-8783
10
-7346
6525
-6099
-4506
6392
8034
-5030
2546
6187
6121
1565
-6411
2971
4865
1160
2110
-9225
-1891
-306
-6677
1534
8474
4414
5494
-9577
-3125
3077
-8643
-4373
-4778
-4426
172
8839
-5961
-1817
4417
530
3890
-7394
4896
-7988
-4105
1938
7516
-4679
-316
9227
5578
-5540
-8028
-6513
-6365
1581
526
9194
-7970
1295
-742
3419
-7788
-6557
2312
-1294
-3372
-3407
-6074
1226
-7274
-7267
2981
5296
-608
8061
9009
-8623
6124
522
4240
-8948
7815
5180
1292
7151
-3948
4973
-5323
417
-2374
2465
-3739
-7261
-9151
-4993
7719
2430
376
7825
3581
-1673
8659
3497
-8807
8225
-5171
8822
1348
2553
-9121
-532
6227
7424
6431
4277
6406
-9500
-8728
1601
3930
698
9077
4549
-2706
7127
-6348
-9941
9577
4670
8151
-2776
7084
-4980
5015
-4781
4177
8695
-3105
-4336
-4400
5118
-4883
3723
-8383
-6246
9568
8587
4575
-5087
8122
-5843
716
-9418
-9858
-9038
-1992
8440
7305
-8830
7406
-4799
-1281
1620
2962
317
7135
1752
-9106
-6765
-5390
831
-5637
1851
-6153
5451
-8890
-4451
-553
-3766
1748
-777
-1912
-3229
-9068
-1041
-2744
5345
4702
9723
2889
1819
-2506
4886
7107
7392
2500
-5054
-4599
-635
2744
-7244
4474
7917
5775
-6305
-7134
-3136
6491
791
9940
3756
4059
9897
8097
5309
5563
-3978
-915
6899
3519
1720
-2608
148
4053
5776
-7124
6833
3797
5193
-7097
-1992
-5626
-3234
6303
6630
-2419
-814
-6275
-2331
6425
5158
-6815
2399
-4579
-6886
260
5056
4872
53
-6147
5775
4581
-445
6162
-4952
-7255
9452
-9530
-8369
8400
2263
-453
8919
7370
-1799
-6041
8582
1579
8996
6029
-6499
-2344
930
-4419
-3580
6362
-7849
4045
3170
-1546
-4843
-4907
-1985
-192
3861
3966
1173
-8122
3086
-2970
3052
-1974
4379
-290
-6568
-8049
-4228
-6699
187
8879
5608
7537
7036
6202
8478
7123
-5912
-7426
-5491
-6404
5123
-1238
8123
7846
-6121
-5845
-8326
8722
1431
-1343
-5029
6579
-3806
-9473
-5344
-3964
8216
8347
-3187
6584
257
5860
1557
-7400
-8764
1513
-2467
-3525
-1090
6162
3266
-6194
-4892
-2493
-7827
-2463
-2104
55
-6776
-5534
-4592
-3167
9561
-9443
-6429
6576
6114
-4086
-8711
5735
1859
2638
-1306
-1540
2927
-1657
842
8455
2121
5711
-6420
-8388
-1191
5690
-4517
-8455
-1562
2434
-9062
-7236
-3519
2840
-5450
-9882
-8825
3598
8274
-9313
8842
-4412
-180
7782
-195
4734
-780
-1954
7903
4620
8850
-3025
5362
-7658
-2930
-7562
-858
-1885
-5265
-2823
8734
-7733
9874
7580
7390
-9304
-6994
-4119
6043
2272
-8645
-6362
-8025
-9380
-2625
-8014
8197
-695
-9463
2595
4783
-4505
-9824
8883
-4918
9827
9151
-7401
5305
-1049
6377
4006
-6210
9595
8396
3661
-1769
2725
-9394
-5621
470
4024
-8643
9122
-5947
-8527
5280
4503
5083
5934
-7418
9857
9563
8041
-5363
7829
4687
2786
9951
6094
1622
-370
-370
-6846
1506
-6781
4717
6483
-861
5913
1692
639
6144
-9932
8083
-3571
1865
9805
3387
-9060
2287
9197
-3321
-432
363
8900
7999
1447
-8499
4488
7205
320
-3756
-6428
3076
7430
-681
8969
2988
-8371
6152
1132
-5442
-1393
1681
-5438
3216
-5591
-755
7548
3685
-6292
-9187
2867
-1895
9614
-346
6335
8470
6163
3979
-3042
-9961
-5941
9945
-1477
3748
-7256
5177
-3263
-2509
9042
-9502
9777
2004
4382
-4444
-9825
-6867
3210
-8708
-9330
-5730
2953
-4647
-672
128
5873
1082
3771
-700
6405
3455
-2379
-4616
-1066
5847
8328
2488
-1215
-5692
-3842
2774
-7077
-1739
-6128
-6076
3335
6389
-7144
3344
4998
7747
-2105
-6033
-2617
4576
5943
-9164
537
2146
-5638
9757
-58
-404
-7097
-1619
-4719
9294
3788
-6196
1655
687
-8017
-7783
5565
5293
-3744
-62
-8149
9487
4190
2680
-6168
3526
-3571
-1293
3414
7617
9925
-7362
-2474
9545
1357
6125
-7693
3879
3551
-8359
1959
-6019
4465
6325
2494
3893
-6936
4563
5429
-4499
-3128
6940
8053
4329
2232
-7720
9359
-4526
40
8776
-4411
-2296
18
4968
7486
1266
-9338
-3626
7698
9821
-1973
-5585
-5773
-159
-1591
158
-9065
-6235
-5239
7761
2832
272
-8781
-3806
-1197
-4746
8131
-9484
2304
-2317
-2526
5113
-7589
5544
-4292
-8241
-6195
4672
-6208
-8828
215
5229
-6487
7143
-8520
6509
8305
-816
-4951
9511
1209
8383
-9152
5785
4307
760
1580
2989
2063
9733
-1434
8585
200
-2415
4442
-8826
1391
8663
4893
-6697
-1802
363
7761
-6009
177
1089
-9203
-171
3712
-9431
5860
-3469
1465
-3289
-2487
8096
-9950
804
-8877
-9112
-6278
-6180
5816
-1635
-1623
-6628
2612
380
-5924
-2100
7041
-7382
-5525
1919
-4057
763
-7219
-7942
-6418
-4533
-3848
2551
6461
-4105
-8383
-7571
-373
6991
2286
-4540
3456
4992
9001
-6761
6411
-9616
1970
-6487
-7330
8308
-6015
-3880
9357
-2755
7297
879
-1801
9702
-217
6167
-1581
5969
-9863
-171
-2201
4618
7218
-1195
815
-6163
8315
7129
-6976
9915
-34
-2528
-5504
160
-222
4279
371
-4676
-4555
-9220
5577
6558
3954
2115
4608
-379
-5392
-8055
1852
6095
-5789
9010
-9840
-6718
-9090
8282
-7890
2301
-140
9635
8020
2684
6006
-3395
2708
-4223
-9376
-9951
6993
6544
9416
1624
-2919
7061
-8015
5638
-5797
-2493
6022
-2987
5295
-5149
4183
-4302
7857
-2200
356
-8911
-8199
4499
8010
-3326
8295
1528
9691
-5353
-7419
3293
2520
6168
2415
7476
-1476
3053
4764
-7513
5795
-1481
-7307
4806
-495
2231
-4622
-8651
1230
-5791
-6613
4632
974
-7016
-2730
4553
2911
9388
-6836
9938
-5312
-9393
2662
-8842
2816
-825
-1023
-508
-4623
-7971
2290
-140
-6249
-5973
-3479
1439
5740
3364
5777
-864
-8995
-6989
1684
-9345
2975
3159
-8461
-7351
-6101
-7828
-8026
1990
5466
6742
-3778
3021
-6540
-166
9447
-8707
417
-5899
-9635
8248
-9226
-7668
4388
8765
-742
9002
-4690
-9281
6310
-7563
3992
736
848
4008
-250
933
-9681
-9963
2632
-306
5593
6010
2811
5905
3458
-6793
8553
5574
-5336
1907
3802
814
-5131
5439
9514
-8913
-1405
-5552
-5933
-2687
1867
6560
-7747
-2330
-1117
4956
6368
-9774
3400
-4678
5437
-4801
-4429
9896
-583
-659
-5842
435
8888
2471
7873
107
1920
6292
-5807
-5448
-5811
3013
4828
7603
6198
-9583
-6450
-8012
-3454
-8957
-8635
9688
6811
-8234
-3557
-2362
2004
-8833
-9243
-1878
3046
-669
6703
4120
4027
-8536
-3049
8205
-1271
7842
-1584
2188
7150
-3315
9302
-9327
8045
3397
-9885
1252
4388
386
-4472
-283
-3378
-9277
-1674
3196
-339
7079
7884
842
6890
-403
-9372
2311
-3657
5544
-2548
3925
-2762
-1928
8387
-4543
-8485
4327
9761
-9218
2977
-6856
-772
1813
-1465
3901
5239
-1277
323
8964
991
1458
-2041
5343
3748
5527
-4548
5133
-5992
-4459
-1879
-101
8469
-3270
-4619
-6424
3213
-493
7154
-5602
-4531
2415
2680
3647
827
5475
5788
-6814
7864
2247
-294
4038
-7373
-9298
9331
-5921
-9243
-8854
4727
-7560
2738
4441
-5158
8502
5465
-4631
8011
-6092
-6498
-8157
5373
-2920
-164
3002
-3436
-4030
-8599
-4413
4040
-892
5955
205
-3213
4414
8401
-335
9999
2159
-9543
-8610
1043
6882
5482
-7097
-3761
7184
4261
-1396
4432
-4973
5784
-3476
-5144
-2586
4707
-5052
9608
3904
4987
-3165
-3268
-8864
-8243
8525
-3436
-6046
-5672
-7767
3623
-7770
3244
-2630
5132
1304
-9715
-5321
6164
7655
7126
2679
-8590
6720
-9410
3501
9224
1349
-2033
-1198
710
-6496
6763
-2840
3964
-8072
-73
101
-8400
-1618
-3456
4985
69
4823
-5145
-3232
1678
8927
-7131
-1726
9421
-763
-7443
7320
9789
-5188
242
-3317
5802
-2459
-6848
-4933
-7013
6288
-4893
-4967
8832
-2719
3503
3232
3427
5750
-6015
4970
19
5023
-8135
-1426
4217
-6182
-207
8200
8534
-3209
3357
119
-9455
1793
-3388
-6921
969
-2482
5830
2498
-6451
3657
7190
6768
808
-574
-5128
6652
-9883
-5007
-4389
-2559
-6269
-9293
5268
-9237
6801
1922
-9263
-742
-3022
5046
1194
8163
3583
1910
-2916
8773
3787
5232
-1231
-8693
3762
4484
-3852
-5865
-5370
1698
8594
-4374
7050
6134
9815
-4932
-5409
2599
371
-8431
-2399
-2604
-9590
2873
3592
3011
-8872
900
-8488
-7621
-3461
-2931
2851
-1586
3864
-3116
9611
-5356
-5009
-873
4441
-8601
7397
2495
-9994
-8709
8911
-462
7882
9453
-1682
5123
7003
-4020
7808
6873
9937
4180
9899
-5707
-1751
143
-8182
1946
-4925
-4225
8281
8776
330
-1665
2128
-2552
6197
8162
3661
7247
4337
-9186
-4805
-3370
-1193
-2144
-6675
8343
9666
15
2850
1142
3075
-9477
5865
12
29
3380
2973
4157
2556
9223
-8647
-9994
952
1376
1362
3938
6211
7266
4294
4309
9682
-2604
6009
-704
3644
6735
8765
-6342
7003
-6097
-596
-8154
-7045
-4050
-3825
3627
5963
-9848
-6289
9784
7987
-5884
5277
-4749
7290
683
5220
1999
4790
-9758
-7689
-3164
-4738
-2340
-8731
4714
-7722
-8934
2957
-101
8850
2019
5298
-3357
-4032
-1824
6501
6046
5488
7720
2481
-751
5711
-1653
-5156
8476
-3204
-3922
8256
-1764
-4338
5639
4639
-3521
487
8266
-6900
-8394
2091
-9644
4898
3346
6870
-8367
9001
-6410
4384
-1942
-8873
4594
-4014
8097
-2911
-8765
-6273
-7032
-3500
-8536
-6460
-212
-9790
-8117
-6777
-2169
1623
-844
8714
-4188
-5831
-4248
162
-5119
7935
-1765
-8329
-3576
-6930
-7134
7593
1128
-4374
2333
2199
-8697
-3874
6688
4241
2489
-1581
-7319
4415
1923
7798
-3548
-9732
-7039
4889
-3499
9183
-1007
7420
9613
-8958
-9974
7250
2956
6432
-7694
-108
8964
902
-2094
2090
-5281
-5698
-1866
8275
-4008
3432
-406
-7231
9043
7947
-3573
-3205
6964
-5207
9166
-7906
4484
-1442
3321
4666
6870
6742
5592
3154
1129
8545
4547
9272
-220
8796
1697
-9754
3540
106
-5600
-2357
-6219
9414
1775
4217
-698
-6108
7011
-3132
4275
-3863
-2202
-2568
-1263
-4234
3586
5692
-9496
-7040
9459
-385
6395
6385
-719
3063
6268
2564
-922
8425
504
-8885
-1474
1586
7740
5723
-7092
-8450
3059
-4580
-4903
4079
3018
8317
9157
-7970
-9279
-5949
-8929
-472
6022
-8401
8952
3256
-7251
7076
-4296
-6352
-3313
-9367
2014
-1343
-8941
4210
2276
-4200
-9984
170
-3928
555
-4558
4786
-2086
3586
-9871
-1717
3587
-8413
-4269
7659
7585
-7801
5719
4571
9269
-9297
5653
-404
-9559
-4702
-1852
-1763
4226
-4979
7928
1994
2563
-5673
-1253
4198
2931
-8810
4890
1330
-4277
1617
-4871
-4693
-2817
9539
-6626
8433
-854
-511
-2869
-7129
-9845
9036
9479
7146
-6916
-1124
5874
-3616
6385
-4113
545
-751
-7100
1986
-5692
7413
912
-6473
2950
-4358
2185
6971
1349
854
-32
-5740
4596
-5241
673
-6702
-8315
9948
5619
1167
-1896
3133
2429
9790
-3906
1966
-1969
6411
6269
-6242
-6601
4757
-5255
3423
6655
1775
5220
9676
4975
-4915
-6232
-5408
-6433
7824
4144
1786
9190
-8887
-675
-8762
-7257
-3297
312
-6389
2896
-4128
-4937
-4104
827
2365
-9297
-9781
-757
-2129
5600
-2751
1529
-5262
5797
1965
916
-9557
-4221
6947
-352
7177
7148
6580
4560
3138
-2008
3761
1517
9076
2588
-4458
6145
5104
1779
-5531
-7325
5465
-4247
715
-9460
3169
-9973
701
-6844
9510
7585
-8307
6706
4593
6472
9815
8299
-8495
-9554
-3047
3037
-6851
-8178
-2880
6454
6822
-6154
5459
-1804
-2872
5752
-8784
7657
4876
-7701
3193
903
2536
-5737
-9565
-5485
-2881
5621
4493
152
5344
-7485
2876
-7377
1980
5009
6937
-7077
1885
742
4441
2757
-5198
8698
4243
-5838
9385
9334
1992
7123
4679
9083
1894
7386
9552
2193
2277
-6391
9454
1067
-9432
9598
-2850
1052
-3146
7432
-492
9401
-3810
-9859
2344
2194
-3713
-4826
331
4937
-8418
-3704
-9119
-1728
3182
-2567
-2744
-4764
5530
-585
70
1311
-4667
546
-6555
-480
-5403
-9174
-2088
-9986
3833
5501
-2823
1983
-6465
-55
-9634
-6130
-731
547
7584
-5219
7332
3641
9281
7501
7247
-3777
-3185
8861
6661
2232
-8974
740
-8438
3964
3759
-423
-5565
2055
-6177
8926
2059
2923
-4135
-1061
-354
-6333
-5279
2083
-8049
-8327
3043
-7414
-401
-1583
3861
1793
-2845
8614
294
-7084
8673
-4793
-8799
3380
-1942
-196
4091
8844
7381
9963
3198
4592
1490
5720
-2046
-7571
9740
9181
-40
7555
6182
-2021
6965
-3505
-9585
3250
4888
-3211
-7575
8457
-5814
-3618
-5955
8714
1693
-8358
-8919
1312
3996
3966
4366
7790
4061
-511
9659
-2365
1219
8336
1992
-6677
-7219
8602
8805
-6373
6618
6105
-8337
-1908
-5862
-8451
-6067
-2892
-5264
3231
-3504
7028
-7291
8544
2217
9936
-4564
7309
8539
1290
6814
-5996
868
8056
3284
-7983
-1725
-9335
5912
9610
9459
-8812
7348
-7367
-3168
2734
9906
650
1210
-5293
4775
2420
-5692
7721
-493
-2801
7957
461
-5793
-4810
-2290
600
-2864
-422
-2762
8893
-3885
-3085
6572
-2353
-4657
-7249
-1661
-2005
-3374
1614
-4315
-3581
-2920
3098
8856
6209
-8511
-2355
-9835
-8924
-7849
-7559
3973
6815
-3256
-4254
-6997
5283
6540
-9867
5253
5886
-7148
-6188
-3332
282
3387
-2432
562
5704
9596
-5188
6964
8809
5045
-9984
1709
2261
-9422
-7639
3031
512
5011
-1944
1960
4999
9197
8342
-5494
3523
1544
-6093
-2716
-7213
580
-9943
-9622
-9060
-9191
6262
8066
-1879
5936
-1193
-9074
-5563
3136
6106
5952
-3670
1967
-3400
1036
-6384
-6485
-5554
6599
1677
-4688
480
5636
3124
-1090
587
4254
-5065
-7977
9431
1173
-223
6757
-6106
1216
2665
8471
4012
-3524
5325
4507
-5791
-3925
1450
8792
5606
-1437
-8812
4029
-7800
-3264
-7997
3315
-5969
7275
-803
108
-8304
9509
1716
677
-3325
-976
-5443
-9481
5092
-4456
-7343
9115
4972
2254
7225
8167
7137
7748
-6204
-5130
-6464
1413
-9358
-1959
-322
-7397
981
-1638
219
-7192
6711
3776
6182
2367
2423
-6332
1120
951
-5580
749
6662
7624
4291
6865
5771
6029
-1131
-5927
-7617
4127
-5432
-9012
8011
-2770
-6376
-2043
4639
-4741
-9340
-6821
-3376
-9523
3686
-3399
5865
-1968
-4253
362
-7709
-2821
2991
-3000
6687
8431
8623
2718
-3965
310
7224
4219
-7443
-2708
8264
3376
7905
7336
3431
-5634
8492
6726
5920
1677
7404
-9015
1307
-4495
412
-8194
1571
1218
-2106
9781
-5931
-6767
5071
-6619
-1414
6062
-5200
-2381
6141
-5521
-891
185
379
9582
-8020
7656
-981
-6506
-6514
2959
-8878
-4537
-8617
2330
5728
-9550
-6401
-9935
-9403
9839
-6317
3613
-6447
8692
-3176
8153
-4287
-8505
5011
9720
-7431
-2157
7568
-6533
6151
-6490
5315
1264
-2609
9249
-6460
2887
8023
2044
-7462
-8879
-7933
7352
-7248
-188
5456
3062
551
9184
6300
-2384
8027
-7283
-780
-1792
-6890
4861
-5910
-3137
4090
-5342
6504
-1068
-7258
7173
-2190
9811
257
8653
-6986
1872
8900
-2593
-1979
5338
-1240
3481
-1966
-2463
-5118
-3359
-490
-9367
-9363
1504
7109
6391
1449
9160
7071
-1464
-2041
3949
-4525
8725
-9613
4828
-8120
8007
955
-7228
3007
-4377
-9003
-6938
3712
1014
4238
-2404
9419
-8653
-2137
8174
558
-8731
-4868
6012
-9933
1179
722
4366
7448
4254
-8737
5884
-7353
-8221
-5400
3137
823
9620
-5389
6955
-4862
-6355
219
7709
-3223
143
7708
-7708
-5724
-8251
-9998
7152
1013
-3729
5874
3671
-896
-299
2186
-9609
4200
-5578
1215
-9936
-2043
-5129
9413
-7018
-4123
-8315
-7650
-3442
5870
-9146
-5591
-4395
-7790
-2626
7791
-1542
-3934
-7023
3983
9571
-6285
733
3491
8258
7221
3544
4683
5318
-827
-8415
3440
-9516
-4973
-7239
1028
2006
-1385
1173
4014
-2369
-2646
-1388
-1068
-2588
9139
-5621
-8888
5757
818
-1599
8047
6035
4187
-7675
7993
59
-5067
-4147
-7593
9407
-7748
2093
8690
8269
1033
-2065
2823
-7724
4161
418
5315
-5351
-8221
-1068
-9198
8588
5935
8756
5605
8222
-9766
-9154
-6596
-5825
8793
6420
-9152
-8202
3187
3646
-703
4167
7420
-6261
173
-701
8116
7605
656
364
-5466
-3400
-5583
2261
-5344
700
6429
-6801
5604
-1212
-6673
-9540
-8804
2834
-4518
1753
-5352
-99
1904
6340
-5564
-7450
-1978
7984
-319
-281
-628
3601
-1210
3443
369
8674
5779
6208
2585
9085
4322
-8789
-9922
-3913
-1998
8575
-4379
-4618
-8084
8793
8670
-4840
8281
7875
-2088
-3137
3551
-7772
-7952
4887
7257
9789
1090
4605
-1911
5005
-1511
-1615
4767
2936
-3895
-2377
6359
-2664
-1112
8234
6451
-268
9666
4888
8535
3515
-4231
1297
2087
-9114
-3610
-9610
-1831
-5448
7296
-745
9801
-6800
3890
-8766
-8406
6600
8874
2588
-7714
-5975
2353
-6609
-2132
5275
-3580
-5919
-8501
7085
-5205
-9381
-5149
-7005
-6861
-3605
4669
-5555
-2202
-6006
-7821
447
-9257
9196
-9074
463
945
1326
1771
-3981
-9015
-81
-8520
1079
1734
-7874
3047
8358
-5376
496
-1527
-9402
-8009
-1447
3539
-200
530
5706
9660
128
938
500
-4390
728
-4942
-4513
-9806
-4848
-1020
-5144
-2302
-2385
4055
-8578
343
-6241
-5551
-4872
2100
-530
-935
9592
-4111
466
-1408
-2548
4157
1724
1490
5087
-5795
231
4689
-3544
9338
-5110
5750
-5033
-804
7291
1944
5816
233
-4042
9862
-6934
6319
-768
-2598
2918
-8023
-7219
7193
3889
3947
2971
8849
-4953
-1659
3965
-7321
7614
-7601
-1240
2266
1527
-3229
-9906
-7983
-959
-2005
-9385
-2903
-4026
3851
6974
-9554
9217
6379
-1734
5079
3001
1997
-5948
-8763
5650
-6130
5331
-1986
-9932
8197
4491
-122
-9487
-781
-7471
7912
5803
-2464
-9502
9689
1286
4109
-457
-6205
7499
-3796
-1925
-267
-2796
-8739
-6637
2861
6922
-9549
-7939
4442
-4838
488
1685
-7797
8874
-3482
-6944
296
-8722
-4489
2537
2536
6389
760
9220
1177
9798
-2182
6997
-4520
-6862
-1265
7062
-6097
9040
1392
1276
-9526
5326
5734
-636
-9853
-4357
-8108
6876
-5637
2268
-910
1616
-7204
2053
-9140
4957
-7723
9558
-5635
-5206
-5462
9130
913
-9073
-1989
-8149
8046
-6052
7582
-8874
-2829
8108
-1322
-727
-7295
-5385
4642
722
3190
-3082
7284
8250
2944
6269
5610
9197
2902
-3647
5460
-8658
891
2056
-5843
-2364
689
9026
-5542
-8343
-4599
8240
-988
5567
1548
-6787
-577
4432
1375
1036
-5429
3097
-346
-9859
-5479
-7863
-2428
6481
7846
2936
-9368
-2555
-4309
6624
-1231
4641
-4819
-9782
7183
-7223
-6607
7668
4608
7390
7520
-8253
-5394
7315
41
-1061
9735
-1867
-8706
4916
1435
-4730
5876
-6804
2963
6140
4491
-9509
-2149
-4111
1880
-7915
-5083
717
-9377
9902
1429
-1292
8150
4367
2386
-3768
-9661
688
-3585
-771
-5208
-2000
1604
5812
-7693
1539
6777
-5793
385
-6524
414
8260
-5878
8235
-8491
-7903
7193
-3514
176
2313
3063
-9158
5201
-1623
-6429
7692
984
-9105
7111
2893
-3321
9677
-1561
-3681
4749
740
3875
655
-167
-3666
1165
-9818
9248
9921
-1693
-5133
6603
-8756
30
78
9450
-5949
4095
-3534
-7405
1565
8058
4284
1614
-5444
-8990
-52
-4757
-9245
1162
-3043
-6256
-8938
8286
5957
7785
-2505
2857
-4601
-7823
2236
230
-516
-2053
7471
3096
3806
8093
1453
4883
7355
4138
1980
1705
2415
-9167
-4966
4947
9689
5194
4983
5703
1100
9919
-9395
1114
-8026
1664
-6605
-562
593
-4180
-3995
-9165
-7551
814
8808
-6871
-6567
-817
-564
-2760
-2118
2636
4806
-1822
-3596
-5354
5704
-9293
-8876
-1017
744
6919
-7749
-8694
-3512
9019
6692
-3383
8892
2752
-8920
120
-1619
-78
-3004
5301
6293
-162
1453
-9826
6097
4869
9259
-5439
-645
-9886
8019
-2793
-4573
5258
-8634
7701
-627
9301
3783
6312
8076
-2012
-7515
5269
2609
-1734
8199
9964
-1400
1895
7402
-6076
-782
-2689
-9344
-2566
1500
7573
-3616
394
9723
-5431
6667
-9829
-8455
-3824
635
-7803
1141
-724
-4646
-3612
-2597
8695
-3963
8245
3258
-4011
-9996
-1753
7714
9483
-6239
2913
5725
6354
-540
8776
3071
-221
-2930
-2201
5621
-2408
9888
8889
-9263
2279
912
6697
-3373
3015
-9104
2023
-9854
4159
4062
3968
-332
2661
-9062
2168
-5089
-6418
-3269
7895
1899
4323
-3574
1197
-9891
7367
4816
-8010
7529
6169
-6222
3809
-5999
3789
966
6040
1449
-1782
7114
-5225
-5759
8363
-3680
-9236
5876
-7791
693
2834
-8455
6120
7680
-2346
-5397
-4322
3343
6188
9078
-1485
8684
1295
1183
-3393
-6991
-5167
7385
7696
-9663
-3787
387
-5440
-9975
-1855
2916
-9726
8051
-32
-5734
-1670
1653
7804
2941
-1137
7939
-3010
-1563
-5230
1140
-4649
-8715
9271
4526
-8778
-937
4224
-8194
6891
-4549
-5695
6704
-2039
5408
8251
-4903
9048
8764
-9874
-7292
3624
-846
-6212
-955
-1409
-9682
6222
1119
-8832
-1718
7089
-4852
-1218
-657
-1026
-793
-9774
-1805
6946
-2885
6504
6730
9404
-1250
-8486
-6516
-6587
2124
-2107
-8083
-1938
1413
4159
-4937
-6105
7264
-1183
-3270
-2138
-8554
3613
-2410
-1481
-5341
-1666
7273
6898
-6793
-9218
-1519
-6128
5158
-7313
-4138
384
946
6242
-6147
-5016
4169
3987
8662
7049
2516
7041
3652
-1963
-4416
-9813
-7557
-9300
9413
9149
-6064
-5447
6461
9497
182
-8524
9628
-5517
2509
-8832
5046
-725
-7644
9680
-8702
1654
6961
8069
-3017
9578
-1714
8117
-8006
-5939
5981
8531
2982
-4011
2981
-6784
-7656
1808
6817
-2252
2095
6859
-9372
1581
-8909
7481
-9623
-5192
7958
-344
-4588
-8539
9896
8012
-4262
-9949
-9650
-31
-6263
4710
8626
891
1137
-6480
5996
5421
7503
5089
-571
-6321
4544
-8952
-3806
5188
-7497
6933
-7871
-6131
7233
-5727
3014
-3116
1221
-4530
-2045
8257
-2918
8514
7228
6748
6314
-1309
-8503
204
-3153
417
-2226
-2786
236
-7014
-5780
2775
2879
-2826
-4084
4653
-7864
-748
9472
362
5403
9064
5798
-2461
5818
807
-7340
-6189
-2148
-7378
2
7576
-3954
4920
-9558
-9705
-7799
364
7882
8991
6992
9798
7385
-5504
-438
-5459
4606
2772
776
7473
-9397
3096
-5069
6054
8250
2369
2057
-149
-4238
3592
-2536
-8301
-4742
-3522
-8822
7207
3167
-9079
-1115
6369
4456
1450
4078
-8790
-9195
639
1557
1140
7417
6483
-2615
-5366
-9160
-3180
-8905
-619
-8947
4919
4371
4728
3492
-72
106
8186
-7974
-9237
-6624
3961
6656
-5838
-1047
-1361
4167
-8940
1182
5700
1630
-3180
5834
-1531
3140
-588
-9241
3567
7423
6125
-966
-2581
4667
8145
8310
7020
3530
-5164
4333
-2454
-1430
6760
3959
-5557
2971
-5879
-503
-2090
6701
-5057
-8415
-247
-8947
6381
3763
2621
2020
5511
2610
5367
4109
-2036
4765
1597
2506
6367
-5092
1309
-9739
-5543
-6965
4045
-5447
-4888
-9960
5483
-7866
4265
-3369
6575
-2665
-3796
-5117
8415
4200
-2514
4764
-7869
9759
-6365
5779
-348
4819
5858
-7771
3469
-6110
5892
-9368
5843
9465
8993
-1586
-1128
-5144
4071
-3355
5727
-8602
6461
-5585
-7022
-9488
-7669
2671
3710
9312
1132
6279
4823
2479
3869
3828
6241
-3855
-1291
1791
8843
-4347
9646
7686
2047
2626
-1494
-4288
9304
2258
9903
-6759
5610
8857
5848
-5809
9256
-5006
1237
-2787
-1887
-1868
8566
1754
-1646
-5234
-5710
-3028
-4681
4469
994
-2069
3325
6309
-1632
9106
-2286
5562
9067
2038
3738
-2108
-5681
4343
-2374
-9066
606
9450
-3374
1160
-9431
-109
3815
7271
3966
-4259
-1161
-2716
7112
-1875
3661
-560
1119
9606
-9960
9296
-1659
-9841
6810
7472
-3687
6767
-1958
8814
9296
-9758
-5073
-2607
-2122
-6956
5064
9508
-1709
-3884
5897
-3627
4680
5788
-4310
3112
-3439
1953
-9359
1971
3630
4233
9158
7339
8016
5503
4673
2973
-6289
-4131
7507
723
-1419
6435
-2891
-4361
-8095
7063
7926
-248
-7453
-9912
-1416
-9414
-9031
2099
7011
8834
-987
7240
-4304
-8422
-3748
-7158
1384
9101
-2163
-9960
-5875
-4757
1343
-9744
1274
934
-9938
-4942
7029
-4478
-1494
3592
-3936
-4537
-4399
6075
-2415
8540
-6877
-8012
-1086
-4705
6459
2899
-5805
2410
5681
-2867
-6854
2049
-2464
-3709
8568
381
-8961
-7720
-1522
-1542
5063
-8093
140
-225
-1932
-7240
9890
-9265
5155
-4747
-2306
-5756
-132
-2254
-8339
3126
-5174
-4571
-3611
5984
625
-190
1077
9714
-5832
-450
4831
2993
1338
-8496
4428
-9628
-8499
9765
4679
-4774
-6707
-3938
-542
-8268
-6984
-4859
-9584
6590
889
545
-8268
4951
-271
33
8673
295
4595
-3627
-1719
4948
7550
8015
6049
-1778
-6013
3665
840
9467
-6127
9065
8023
2236
8708
-2748
-8783
8914
6833
-1961
3434
4460
-4914
5967
-579
4549
-2919
779
-9130
3010
-10000
-8093
5464
6381
829
-3666
-7721
-4386
-6578
523
3138
-3295
-6388
-9248
-8674
-8321
8733
-8906
2397
4172
9671
3731
-8809
-2448
-9958
7112
9460
6394
-4624
-5161
886
-2216
5382
2407
-3032
2502
4517
3434
-5976
7876
-313
-9423
4991
-3868
-5430
-5076
-2343
1996
1782
-4104
2896
-9069
8109
6227
1822
156
-2802
5666
3751
-63
-3500
6162
-8740
7401
2055
6728
-2880
7265
6501
3853
-4846
-2743
5772
5326
-1092
-5100
-6705
-504
577
7951
-899
-8016
-8857
-1236
-2217
163
-721
8260
-2147
4839
1527
-7235
140
-2140
5385
4902
6010
-37
-5768
6910
9127
3384
2103
-378
5014
-6913
7146
-4424
2772
9986
4856
8758
-6884
2504
5919
6374
128
-2606
8138
2922
-9034
4662
-1724
-1916
-9829
-9121
-1940
7496
-5644
-3627
7455
6024
-543
3063
-127
5343
2735
2543
-4139
3135
6458
-7918
9934
-5619
-8639
-3427
-2278
4794
7583
9231
-2283
-9581
-8754
-9804
162
-3325
8389
143
3243
1283
-9580
5217
3364
4220
-4045
-8562
-3414
-9145
320
9300
6350
1995
4317
8741
2128
-4215
3715
-9863
6812
5028
9629
8852
6133
-8229
-1014
-6622
-1266
-6770
-8948
3365
-3652
-2061
8775
1423
9409
-1317
-7295
-2558
9158
4426
2125
357
9515
-3262
9744
7902
-4209
-8139
-8873
-7079
3200
7788
5616
-7749
-2607
8247
-1591
-295
-1129
4424
2947
6291
1896
2166
-5182
9259
-2482
-5971
2802
-7575
4061
-5358
804
-1220
5358
-556
1299
-2586
5524
-1125
-6563
-7761
-5092
-6917
-2049
4484
-7446
3999
-9605
-2021
5504
9423
1190
-4882
-8846
-4382
-8239
-1987
-9660
9838
1442
8011
-9090
-4664
-9358
173
-1319
-4960
1125
-5420
-3991
4777
-5077
5875
2410
6965
8325
-7235
9613
3012
-2131
-425
2207
1583
5146
1547
4926
9364
-1726
7928
5316
-1694
1922
3311
-3778
-5219
9169
-9660
9413
-5268
-7709
8940
4390
2013
-2241
7446
-4484
5407
6551
-8142
-2580
-6491
-680
-44
4200
9968
1639
2295
-7760
536
-9431
6524
-7611
-9355
5817
-8795
-1360
7698
397
-4527
9546
-9733
-5315
-8812
-1202
-3520
-9326
-1387
-4978
-6063
-4717
-8372
9514
7163
8758
6742
-2216
9740
-8355
-5213
1719
-1888
-8953
6599
-1750
-4192
6376
-1094
-7224
8093
-5508
2475
-5177
4053
9450
4387
-4175
5038
223
-1837
-7336
3858
5248
-9215
-7737
-1280
624
-1570
-8500
993
4393
3868
1504
7269
-3497
3643
-5451
-6621
1938
3710
643
-9240
-2654
-6457
-7246
-65
2629
-4210
-2099
1366
-9922
-9967
-9113
-5713
7394
5091
3897
-6070
-8541
-6069
7183
5326
2200
3327
-1353
-9850
-9073
4448
-2478
-7463
675
485
4379
7575
-5937
-794
-9250
-9599
1747
3646
-9486
6228
9873
4234
-7820
-5009
-1497
2374
4561
-3388
6065
2858
-3851
-6321
-2078
6507
6581
3049
-9451
-8843
-9789
8194
-4066
731
3248
6433
-5678
1860
-2778
-487
-892
181
9246
-5969
295
9897
-7613
4524
8827
-8508
8617
276
-1733
-1789
5297
9355
5302
5918
1568
6223
2148
-1476
-8749
7768
3392
-6132
7963
5144
6748
-6373
878
-6557
-8020
7443
1958
-2984
-2886
-2767
-1404
3374
-5258
-4365
3281
3431
2245
2200
-3609
6520
-3493
-928
1953
-7667
-3771
8302
381
3632
-8006
9365
3538
4797
4848
-7746
-8360
-3489
-6582
7390
209
-1916
2763
8550
-5560
-2177
-5133
-9352
-8281
1398
117
4157
3197
2829
5995
-2237
-666
-4646
-7756
-6596
-9730
1105
-8986
-8064
-5191
-269
9170
-1667
-1303
6164
-3931
-4861
8528
2990
8542
-8137
-6583
1110
-9183
8207
-1576
2204
6836
3877
-7243
3510
6587
1984
4819
8251
3610
-443
-2186
875
-5380
6221
7855
1495
-146
-3982
3470
3562
7886
-4448
3391
6767
2271
5088
7423
-1137
4322
-6809
-7032
-2768
1593
1706
-126
7969
-2059
-340
3221
-606
2867
9218
-5664
8624
4119
3884
-6766
9945
6499
2475
-5814
-3315
9102
-9879
878
-1335
6619
8929
4668
9018
-1341
-983
-3474
1424
7695
4994
-1084
4069
-8226
2728
-8880
-7046
-5346
9468
7421
4779
8630
7259
-8039
4465
-3366
94
-2671
-1178
4918
5627
4080
-4055
7255
5602
-8925
-9735
136
2594
3898
1393
9777
4676
4342
1044
-9767
9269
-7254
8
-4019
-6108
-2792
405
-5144
-5031
-5314
5227
-6270
6292
2395
-9339
6316
-3914
-4723
-8268
9072
-944
4544
3088
2288
6834
-8863
2157
6811
9909
-4467
5876
-2730
-3690
691
6251
-4979
6731
5830
8710
8023
-5925
9588
-5273
2443
7500
2319
-6183
5151
-6021
-6497
1081
-2252
296
7610
9344
-6097
6004
-213
9244
735
-1617
3081
3373
-8139
-4054
2688
-9069
-5566
8844
-7509
-9698
9062
8157
5081
-2897
-8835
-31
-781
799
4262
4076
1196
9948
-692
-5822
3309
-7460
-9273
-8733
6439
6239
9894
-5325
-2304
7402
7240
-5458
-3084
-5913
-3872
-671
71
-3316
-6007
-7117
-5512
7312
9106
8701
-740
5
-8592
-6989
4693
-8136
-6273
3105
1026
-4607
6203
-9180
8325
-8085
-7949
-6886
-8554
-3528
3734
-456
9909
-507
1675
4383
8871
6959
-2385
2991
7593
-2805
-9026
-3805
-488
8652
2856
1046
-855
1466
-5422
9325
-6833
7278
5766
2260
-9059
-7588
1131
6901
3490
-867
-7525
-2702
-3205
-1983
2264
7506
-5865
-8310
3069
-6168
2042
2066
-6929
-9511
-2568
-3124
9219
5608
-8947
-7784
-3433
7625
-9434
6584
1327
-4967
8710
94
1565
-9127
4446
-221
2341
-9707
8186
1299
-4637
-1307
-6098
3004
3459
-9853
1908
-550
-3660
904
4707
-5052
7484
3512
3194
-3167
6093
-698
2153
4099
5510
-3516
-4427
107
-3902
-7346
-5710
-3673
218
2069
5815
976
4235
6322
9704
4489
-8495
2574
545
-5619
-3713
5856
-6637
9493
-5946
3749
2745
4334
4869
-9633
-2313
4267
-9991
4462
8497
108
-4498
-9183
1154
4554
4983
7044
-4739
6525
-4197
4505
-973
7743
2369
3668
7044
1170
3818
775
2278
-39
3201
7345
839
4731
-9143
-9540
3800
-8143
2064
5855
3036
2644
-2863
9946
-3299
-4269
-8517
1874
-6836
-2265
-5950
-5787
-8671
470
-9260
-3384
8399
3612
7957
9369
7757
-9577
-7128
-8216
9362
-8865
-8717
-9325
-8028
-9629
1664
-6175
-37
9092
-4392
1020
2262
-3162
-3467
-7755
-2997
-884
3023
-9255
3419
-810
-742
5450
-42
6162
1704
-6046
204
-9584
1118
-8856
-9080
-1805
1623
-2705
4786
3978
3806
-1323
2917
9386
-6037
5856
2188
5863
-8721
5073
-1008
-5296
6375
3237
3226
2286
2217
-5906
407
-7425
-3674
-7392
-6831
5994
-3531
4371
-174
8286
1741
4669
-8690
-9455
4513
2107
-9022
-8372
-4722
-1355
-3922
-7278
774
3450
-938
5636
-2349
9741
-1048
3887
-2756
-6282
2673
7770
231
-6797
-7345
9248
392
6885
-7417
-606
-8511
-3111
2807
7561
5286
2651
9740
2458
-9466
-3306
5023
-4939
-5461
2874
-7468
9401
-820
-2409
7332
7191
-3595
939
3511
2343
2056
2623
4289
-3476
8913
-1091
-4819
-5240
8505
-5325
-9153
-2830
9938
-8191
-7205
-3708
2630
-2033
-6948
3828
4555
-8094
8251
6076
8878
9241
5423
-2383
-3744
-1140
420
5337
-7093
-9581
516
-5752
9339
4231
525
-3146
8656
811
7423
-5291
-6516
3003
2258
5706
7768
-2044
66
-7078
-1141
2109
-6876
2679
-9736
-5980
6438
2260
9175
-5603
-8637
-3772
-8337
-3289
-4692
-5991
-5168
-3469
-6952
-4983
-1195
9287
1586
7371
-8214
9546
2258
1828
5219
6719
-2984
-9043
5099
-507
-7168
-3940
3975
-6780
2631
-3451
-6527
-9563
-9724
9034
-5820
-7672
3889
-7548
7270
-4545
-557
-1757
-441
-484
9934
-7839
-9883
-2098
3358
-4155
-3202
2090
2245
1809
5359
-8624
7378
-6763
-5785
-1411
-273
4171
8357
4576
8856
1470
8572
3373
1812
3511
-3918
-4007
-2730
8817
-3695
-5480
2146
3663
-2176
-5098
9807
4717
7105
8967
-6385
-7232
5999
7579
-7323
-8858
8627
2591
7291
6629
6549
-6281
1281
8668
-5995
-4243
-8335
-5647
-2038
-9000
9430
1069
-5313
-6894
2847
4142
9051
1032
-6210
-1247
5015
4144
-5496
4020
-2419
7579
-7048
8740
-6450
-835
7441
-8862
9436
8433
4127
-498
-9377
-8152
7118
3316
4340
-7611
3681
-8017
3941
588
-5321
-746
3473
-7993
-895
8371
2411
-3431
-9922
7892
-3426
-8687
2010
-7416
197
3587
3212
3714
-5924
6806
-4286
-2252
273
814
-4962
7946
-5589
-3582
7347
4734
-9610
5005
-4659
5336
-3976
-9453
6908
-5579
9474
9227
5117
2025
-6741
-8895
8938
9569
-6745
9474
7764
3551
-816
-7491
3795
-6281
-345
9279
3271
-1651
-14
-6452
1399
1991
-9119
-1587
-6236
-6529
9550
8526
1314
561
2271
-6413
-7051
9408
-5504
2309
9719
-9911
-6099
-6510
434
-5179
-7538
-1399
-5815
-4379
5358
1372
-1813
-4107
6816
6949
-6202
-5482
-3557
-5182
-1095
-4832
4383
1047
-398
7282
5614
-2900
6315
-9653
5534
2044
-3225
-8223
7583
-2092
4081
-9795
-1608
640
-7449
7547
-8804
5647
7416
8799
-9556
3174
-1111
-4162
589
-1197
4024
-7325
7001
-366
2223
-1705
-7740
9272
9545
-2191
-7732
-4492
3048
7288
-7035
744
-6551
-4194
9865
-3976
-261
2852
-8167
2235
-4367
9336
-8811
-8585
7567
2119
8585
-8697
4954
-1632
8965
-2354
-3548
4635
6318
8380
-3247
2756
8351
-5954
7052
-6726
9294
8952
-817
7216
7424
-9510
8343
-2888
4023
4926
1281
2519
6985
-7438
1407
113
3518
-5370
-7017
915
9048
-2842
7148
-6145
1916
8733
-1862
-8034
9889
-1785
-8808
-5199
-4956
-8153
1241
4567
-7743
5907
6111
-3677
-5649
5197
-3378
-7247
9009
4358
2588
-7090
3987
9975
7762
-9345
-2652
-1123
4874
5614
6921
-7393
3398
-2676
3891
-5587
-2436
-2306
9832
-2800
-9953
3203
-6600
-3670
-3655
-9856
-1186
-4234
-4334
8492
-7674
-8434
3084
-1281
9096
789
3547
1326
9027
-384
-9184
5116
-9684
-3881
5396
-512
3723
-6341
8190
-4515
-922
-5442
-3563
-7628
-1987
7024
-7923
1525
-2189
-7820
-4411
1616
1655
-3280
-8842
3398
7554
-7327
880
4768
2902
-9935
8487
-2219
7764
3164
-4218
-6468
-4752
8813
-5166
-3904
5642
989
4739
9047
4861
5771
3517
-1493
3851
9852
-6918
-8345
4369
8756
-3391
-6046
-5272
-329
5840
-7332
6583
-842
-1871
-1125
-5608
6564
6652
2694
-7990
7449
-2181
5878
3328
4987
3059
-6069
8806
5995
-1798
2768
-6516
-164
2080
5360
-280
-7984
9846
-773
-5344
-8320
8598
7167
-3324
-801
2856
9479
-8074
2112
4158
2944
-3293
7183
-4995
-6752
3336
2761
-1729
2261
4900
-9783
6970
1039
3602
-3705
-6857
-1968
-423
7357
6294
602
3326
8270
-2004
6049
8116
-6160
-6464
-1448
-6827
-1416
9634
7706
-2930
4000
204
-7293
-4943
8196
-6791
2715
9869
-9181
3839
-137
3127
-6412
-8818
9502
4942
-7345
-8222
-1759
8756
-6544
4234
-9352
-7031
-3583
-2945
-3603
5998
2301
7474
-617
-4874
5
-6230
-2242
8854
-7496
-8534
-7715
-3208
-2440
-4351
-2371
-4020
-5240
7599
-6538
-6354
2487
8137
7316
738
5233
-1311
-1526
3909
5156
-5115
-9542
-6121
7657
-2176
-5900
-4344
6838
-6863
-8867
7782
3759
-1333
2241
4024
-420
6122
-7120
1768
3540
-9276
-1828
-6764
5226
8869
9188
5712
-1012
9097
3591
2808
5133
-7311
9848
-6006
-3750
-124
-332
7861
3870
-576
6478
9563
5001
4670
4758
-336
-3947
1760
-2656
-6500
3091
4020
-4039
6963
-5368
9201
9008
850
8505
8494
2512
221
-8012
3530
-2541
8325
9580
7205
4481
1763
-1375
9601
-9746
1907
-9613
5977
9871
-1518
3356
-1752
-4021
3475
1993
-7753
-725
9581
2577
603
-2512
2432
4253
1235
-5279
9771
-4821
9714
-754
5077
-7795
-4639
-6600
-4745
-2632
-1771
4869
6428
-9326
8285
1903
2362
4150
-6685
8864
-6399
8910
1558
-1064
-6836
3687
2331
3945
7183
2804
-8648
4989
3985
1163
5511
-1094
-7621
5946
-5049
6844
558
4638
-5946
-4762
1856
-8077
-6800
-1688
1655
8113
-602
-7067
-3856
2302
-6020
8281
-7567
7702
1849
7500
9319
8337
-6465
8999
2779
-6058
-5031
4032
5512
-94
3948
4251
4964
7773
-5116
-2104
-6114
5727
-2856
-276
-4786
2267
-2801
-5532
1135
5594
-994
-8309
-8980
-790
-7612
5960
7293
-3843
-1149
729
2263
-3369
-7539
1261
-4721
3506
9171
1388
4727
5609
744
2130
-9468
4337
-1546
-6380
-2868
-889
-8769
-2021
-3732
-3694
6053
-9313
2914
-9989
-9508
-522
-6775
4705
-7215
-4723
-6438
7593
3234
8808
6638
-4145
4420
1675
8204
-540
-9758
9729
5822
4813
5604
3876
-4288
-9227
1074
9197
-6347
59
-6442
8870
-5864
7863
6260
-8944
1620
-2165
-446
4826
-7337
6572
373
9334
8903
-8776
-9734
1970
4154
-3925
-4058
2503
-3034
-5812
9167
-1614
-7410
7670
-8220
-2330
8230
-3831
-4308
-8813
3258
-4354
7422
642
-9163
2764
-9672
1835
-7878
9647
3459
-6084
1219
1780
-9508
-3760
8611
-1574
-8235
-3876
-2028
-9195
1082
1743
492
-3638
-7483
7800
-2172
6359
3430
-7805
3064
6788
-9146
-1966
6405
4859
1123
6838
5846
1662
2746
-2882
2873
-737
-9344
-5491
-5229
2800
-4687
7499
-2286
-4360
1004
-4012
-313
-2495
394
-3244
-7790
-9455
-4583
9139
-9164
-1331
7184
4016
3579
-4784
9941
9740
-2419
3354
6563
4907
2067
-6795
2895
-3027
5480
7967
-9072
-1950
-5371
-7159
8870
-1346
-3665
-8672
80
5246
-2389
-1749
3891
9645
7250
8000
-3118
7182
3005
-4081
8687
-6862
7128
1546
-1562
-9904
-2169
5745
-5313
-5340
-7158
-3398
-6564
6430
9533
218
-5806
-5302
5605
-2874
-5073
9288
-9201
711
-2087
8007
5937
-9915
4470
3284
5968
-7426
-1750
-1933
-2887
-9068
-2201
-3778
1672
7555
-6841
-8031
7187
-6519
9311
-8110
9257
-399
9766
-7129
9886
4313
-2319
-8853
9953
5870
-8561
-6150
-3984
3845
-7806
-4677
-4332
-928
-4782
7544
7149
2001
-5474
-8075
-8571
-6821
9944
7296
-8951
3807
6779
973
-2650
-3787
6448
-3644
-822
2187
4505
-9297
582
4007
-4957
-3677
-7478
756
-2866
9311
5897
-4403
-2622
-103
3934
7166
9115
3411
-2422
-100
4320
-5912
-4052
-5337
-1137
3434
-6583
-7137
7102
-2688
9212
-3223
160
9228
-4727
5869
-6305
1268
7390
-9918
5436
8823
-4891
-4803
-9771
-6606
-7298
-6886
-4593
-3304
-1269
-4732
-8331
3618
-4800
-8677
-5261
-4393
-4120
6065
7474
-2783
-7344
-1466
-1698
2512
-9042
7360
-4246
-8213
5055
-4934
7633
-3538
-3834
5363
-4689
-3619
3121
1586
1091
3938
3557
-2865
2438
-5127
-7719
-6707
-1927
-5378
-8892
-9432
3014
2420
7093
986
-9619
-2847
8040
8335
-8144
-6397
6472
3865
1379
5964
-1281
9412
-3101
-5967
4053
-1790
5807
-6773
4229
-7104
5416
5400
-5411
-1078
5389
3557
9096
-5630
2230
-941
-7849
1725
-5765
7827
5707
4395
-4251
3243
-2097
-7115
9409
-2078
-78
4037
-5809
-1865
-5119
2198
3502
1984
3884
3889
-935
3863
9917
6687
6336
-3640
7572
-8315
-1721
1690
-2351
4398
1503
9201
-1314
-3041
-6298
-2064
1218
-8926
-416
-491
4752
8269
1271
7765
6599
-6315
-5016
6525
-4505
8034
-606
4529
-2448
2285
-5694
-5587
4851
-5339
-1923
6074
1193
-4219
-6849
2445
7848
9297
-4902
-261
-2742
-6413
-7455
475
874
-5551
4160
3189
8152
-3279
-7878
-9434
-4294
-980
6771
2088
-9926
295
5652
-9736
-6900
-2013
-4279
1008
-6351
-7311
669
3846
-1900
-6921
-7010
4082
-2327
4390
-4245
-5632
2272
575
5755
-970
4
-753
-4368
-7441
-1487
696
-4603
-2705
2879
-4856
5233
7138
-7144
-6579
-2984
-8771
884
-1994
-922
4620
-6360
737
3191
5129
-8308
-6630
8145
-7733
-6356
-8447
-9629
230
5131
-9695
-6290
-1879
5535
3555
-9837
-2547
4219
-4987
-6729
-7336
-702
-5903
5255
4187
-9517
9861
-6769
1941
9362
-5366
-6085
556
7449
5787
-1605
2326
-9858
6120
3205
-1222
5128
-2356
7270
-99
-2211
2871
858
-5647
5674
3562
-1611
-3182
-4442
8962
-5957
-4707
-5058
3406
-9111
-705
7079
-4551
4840
8486
8688
8562
-9720
-6207
3915
4945
-2797
-7472
7131
5562
-5646
876
1705
6301
7381
-9180
-6814
-5125
-9181
-9679
502
-8228
6799
1491
-5763
7986
3566
-1757
6420
-4671
-6601
6876
2113
9879
-7656
-4165
996
2332
7997
4082
6046
7883
-765
5783
-9885
8121
9326
-8577
-1753
-8785
-3372
5728
-3613
-1630
-3656
7
1299
-4266
-238
1847
-1784
-515
5461
-4976
3934
7821
8436
-8570
4259
-6416
6765
306
-930
-2182
2845
3147
-8123
-4343
4172
1292
6868
8834
-9627
7616
-446
3873
-3652
-1997
-4089
6347
-1357
6679
6517
-9825
5202
-2271
-1431
5978
-1972
-3246
2243
-9439
9493
-6668
-2160
198
-7897
192
7664
-2519
6041
-9224
-5123
1071
7875
-3816
8422
-6977
2901
3827
1774
-7987
-1170
1429
-835
2441
-15
-3676
-1217
-4639
3744
6624
440
5370
2186
-511
-79
628
5392
6798
-1275
-3737
-6623
-3189
4272
-115
-3269
9244
2566
2357
5352
6524
6043
6773
-3216
-7530
-8801
-7698
-3476
9573
7797
-8452
-4327
-3746
-5007
-8275
1921
-8199
-1808
-1131
9637
8771
8399
-7367
-5903
-3948
-4286
6801
-6137
-3046
3847
-2928
-2254
-2653
-1890
7492
-6749
-3919
1062
-27
4606
963
-1597
-9247
1139
6142
-6331
-9490
-8306
9761
-2015
-1403
4835
-2282
-1203
-48
-9730
4084
-4579
7373
5060
5114
634
-8914
-561
248
2742
2626
-1427
6548
-8090
7747
900
-1576
6913
3169
-5575
1902
-8091
6277
-1634
-9706
1416
37
-249
6639
-1963
-9233
-5581
-130
-5811
-1450
-5552
-6934
5444
-3936
2471
3989
4920
6678
-1467
153
3401
5402
-3969
9150
-8723
-8746
8652
-3149
-615
-8617
447
-2162
-3741
-4463
-9184
-8258
-1029
-4013
-767
8522
112
-2626
8140
-1579
4212
-3015
3992
182
-7216
2060
-2532
4572
3735
1965
4177
8720
3292
1786
-4742
-9791
9487
-982
-451
1396
6850
-7739
-5700
-959
-3002
-4997
-9589
-5598
-972
4687
1962
-8162
5858
-45
-378
-7813
-4875
-9550
-4120
516
549
-1025
3982
7478
-6956
7897
7889
2977
592
5130
-169
-3958
-639
-4188
4774
8985
-6396
-2060
-9906
-8226
2026
-8046
7031
-7875
-6617
-6931
-2100
8137
4392
9185
8039
4509
-62
6493
-9577
-4925
-5873
7549
1829
-501
5695
-1139
8204
-7812
8691
-2615
1992
-395
31
3286
6168
-2064
8628
899
-4196
2822
-9551
9920
-5927
-117
-9207
-9742
5889
6102
693
952
4602
-100
-1698
-3587
980
840
1104
4086
4276
248
9905
-3203
-95
-4650
-7075
-5045
8788
6484
2737
3230
-322
-2874
-379
-144
3414
-9497
9285
8095
9731
6909
3963
2596
4710
6829
-5387
1155
253
-1866
2414
-8899
-2201
-3363
-5324
4584
-8511
7403
-7113
9671
4020
5513
8532
-4115
1345
7724
5482
-3790
-282
420
4945
-168
768
-3366
9190
2935
6284
7532
-5060
-6579
3932
8650
792
6228
-5804
7598
4794
-3589
-1213
2049
3783
9277
7864
-9769
-6472
-7082
-4607
3856
3613
457
-1888
7546
5225
6675
4127
-6267
3202
7710
5174
6255
-6454
7516
2391
7712
396
-9735
2594
4182
-3080
5028
-9234
1994
5317
539
-905
-8858
-351
-3439
6776
-2476
-1059
2996
7173
-8111
-2845
-6581
2091
9143
7133
-3020
1933
589
3858
1164
-6545
4860
1324
7956
307
-6038
-7511
629
-4308
6384
-8919
-7589
4395
5079
-9683
-1898
1624
6108
7832
5330
5334
-3493
-3874
4314
-7610
-7443
-8763
-9284
8045
2503
-3393
-5747
3480
6462
-497
-1371
-2558
4740
920
7837
1040
3985
-7121
-5972
-9489
-8351
7545
6226
3135
1745
8119
-428
4654
2033
-9681
4426
446
7647
-326
2968
-5006
-1238
6447
-9554
-8463
-9429
6004
4813
-7516
-5524
-1203
-7486
4873
2652
-8223
9861
-7446
782
3025
2047
1706
-9213
7692
-4161
7665
-9797
-6473
-7597
-3330
542
-135
-9833
5977
-6106
2594
-8539
-6848
-7763
-5942
-8794
3300
2444
-4533
7174
-7363
9532
-5429
-4582
7594
-5821
4722
-1629
4367
-241
-7131
-9061
6424
-3524
-5754
-6661
5423
9339
-5208
4679
-3524
-2202
6072
3836
-6684
-7938
-7034
-5896
6098
7857
738
2367
4549
7327
-448
33
-5084
-852
8813
9146
978
-6944
-128
-6027
6978
5665
9594
-1933
-9292
-9413
2373
8554
1515
6007
3033
-3665
2701
-9005
-1451
1939
-710
-721
-8335
8652
-6303
-5511
3371
6854
-5944
2406
1155
-4550
-1938
-5252
8135
5879
-8808
2699
-3328
-9443
4652
-6370
-2317
6006
9017
-4439
-125
-4424
522
-698
3550
-4956
2491
5727
3739
-7246
-7812
3165
4123
4984
4750
5432
1823
751
5153
-7831
-2151
-1488
-5805
-9667
-6057
-1621
4787
-2500
-8556
6672
8543
-9321
-1047
456
-984
-7279
4922
9524
5396
-9433
-9852
3203
8857
4575
-6596
-8132
-7479
1983
-4776
-1602
5434
-6298
7099
-1244
7678
-2597
1034
9063
9379
-1988
3390
-3908
4132
8693
8
4659
6441
-2747
4787
2087
7239
-5734
6351
-3624
-5450
-3343
3774
197
8774
-3517
-6236
-7161
-5526
1349
3012
-315
-7018
-2561
-5844
9751
-8428
-1862
-7252
-5923
8895
-5110
6473
4806
3875
202
902
65
5136
-8858
4239
8161
7621
-8352
-8718
5039
4629
-646
7406
-9923
-8858
6418
2266
-2221
5218
8686
6596
5439
256
1006
5764
1296
-8979
8218
7409
-9659
4287
2193
-7413
-1214
1375
-8848
1557
1342
-5927
730
8666
-9509
3777
-2383
-5039
6749
-8358
4820
-3655
5179
-9084
1715
3184
-4529
9005
934
-9339
3861
-2830
2434
-7725
-4056
-7743
8478
-3062
-3868
8156
7659
4583
-4843
2904
-3775
6216
-3704
7363
9844
1001
4585
7609
-8261
3379
3313
5307
7134
-6759
-1757
-7361
-6762
-6765
6172
-6002
4524
-1413
1215
1354
-9404
-17
-6166
-5778
-4025
-8166
-8457
-5846
-990
-5362
-2166
-4680
-6147
8517
-6694
1292
9818
-7526
8196
-7440
-1243
-9322
-5774
2236
-5980
5876
9615
6717
8719
-8217
-7935
-3650
9706
4707
-7829
1639
-5230
-823
2371
-343
3342
-5444
4375
-8760
8302
1962
-1729
6518
-9224
6396
9021
962
279
-1961
-1942
-9176
-7844
723
-6812
-8721
-8802
-1198
3726
-1120
9099
8706
-115
3009
6245
-8708
-8785
-8834
6469
-5122
-3036
7311
76
4975
-6720
9243
5630
7878
-6910
7994
-4653
8185
-937
7623
6252
2711
-6641
-9592
-9261
-173
-372
-198
-4057
-900
3796
-8525
238
7091
8184
9263
-3168
-3461
7466
3788
-1733
6264
-5168
-9056
6568
2358
-2189
-5369
-123
-6371
1552
8845
-3082
-5987
8791
-5445
-2423
605
-6700
1822
-9470
5500
-1859
-8297
3862
-5110
-3804
-3089
-5624
8205
-7846
-9454
-7320
-3000
6390
9232
-1851
-7543
-1343
6236
9432
4522
9201
7072
-7486
-1059
-4056
6355
-1792
-1186
6454
-187
-6202
4947
-8904
6625
-9920
7077
3561
5069
1971
-6134
7777
22
4692
5301
-6234
-2388
7001
8110
6724
-5074
-1730
6799
-6434
603
-5468
78
-3414
7225
-284
-4464
-3850
3939
4944
-6502
1593
524
-4390
4105
4150
7077
-6688
-4766
6093
-8287
9553
6457
7928
-3675
6975
4250
-9275
6450
8480
-7048
-441
6183
-1071
2647
-9122
-3955
-9810
3102
-3209
3042
2100
5472
-5098
2927
-1140
6909
9648
-8969
9100
-3952
6105
5539
2212
7248
3371
2352
3174
1834
3044
-511
-1994
7945
-2466
2918
-8400
5340
5034
-8109
-2941
5767
-1393
2597
8880
-5323
5499
-3446
-9955
-8996
2085
8156
3989
4053
3348
1223
2198
1995
7091
6439
9283
-1500
-9760
-2707
-6155
3636
1071
3669
-3313
3425
4980
5093
-7813
9432
-1339
4310
1439
9557
848
-8515
9897
9184
-5094
9161
9040
-9855
1385
-1150
9412
-5517
4246
-3452
-5602
-3201
-4343
-9873
-4108
-3221
8866
-3079
-4900
-3517
-3549
-3395
2399
8873
9948
9660
5385
355
655
-6305
-7880
-5246
2451
1152
-4334
-2623
9594
-579
151
-4120
2026
-5897
8582
7752
844
-9980
-6898
4005
6596
9370
-4712
-9495
9371
-2263
-5921
-2334
-8238
5731
-593
-9797
4370
-7153
-8609
-2913
7987
-5688
-6180
4085
-3262
742
-7995
8960
6322
-9731
2958
-7963
9947
6775
4201
-4349
733
3664
-6348
1749
7035
9502
8734
590
-6531
-4526
6702
9490
-2726
-9779
-850
5529
9615
889
8709
-5981
-6593
-8483
6872
8568
-9716
1696
-7434
-8773
5829
2009
-5983
667
-5713
-341
-3753
7560
86
-7082
-4868
-2256
8812
953
-6734
-1504
-6845
7927
4803
4096
-2953
-2440
-486
-7742
7563
-6300
6187
-7504
-2186
-6300
4591
4565
-8572
-3668
-7850
3975
-4719
1340
-4842
6775
-8994
5558
2415
-6437
-2850
-629
5639
-7689
1753
6015
5836
-781
-6321
-1540
1360
2552
-7233
-1894
-3005
5881
9148
2958
-1131
250
9737
3893
-3395
-1736
5955
-3901
1761
4445
7582
6036
9414
-8060
-6694
3057
-7106
-8923
4197
-8675
698
-1364
-2848
-6588
-4914
19
7101
-1403
-925
5607
-1157
3248
5851
-2447
1628
9765
8907
-1552
4233
-415
-5504
3576
-4256
3080
9872
-2980
-9254
9237
8866
3627
7749
3605
-4267
-4855
-6654
-2277
3443
6202
7479
-728
4619
7646
-1384
5596
4106
-7143
-5463
8886
6683
-8686
5837
706
8742
2251
8795
-9942
3995
-5528
-3953
6199
-1752
2370
9715
1153
-5078
2915
-3478
9194
5194
7373
-8207
-5488
9036
161
-4565
-8896
-4721
-7888
2108
4274
-7107
1621
-6949
-1932
-4852
8848
-4083
-1648
-9986
6902
4989
-7585
-6604
6370
9748
-1861
-6747
5428
-7658
-6734
1245
-1552
-7846
-6152
584
1435
-1170
-4904
8214
5289
5340
2448
-1350
333
7940
6486
9509
2425
-5476
-2537
-2632
1940
-6366
9639
-782
-4928
5139
6071
4325
4391
8194
4122
-1276
7445
3146
-6806
569
4259
7038
-6286
4803
-2685
722
-8773
-7253
791
-1884
-3337
4198
758
305
-8949
-9324
-9608
3165
5009
-8509
8216
129
-3753
3033
-7944
2882
-2718
-5822
-152
214
-5042
8191
-2863
7791
2808
-8564
335
9127
6096
3512
-4531
-8887
5192
7244
-874
2515
-9518
9747
4653
1190
5162
-9367
-433
2731
-6268
-403
-6412
-8069
-7840
8769
-8968
-6089
853
-7351
7673
-5893
-4135
2461
-1440
-9074
4646
-4831
7978
2064
-1415
4970
-5117
-773
-467
-3759
-3768
-640
8457
1385
6496
9961
8415
1397
781
-3983
-9112
-1651
5293
3377
4068
41
8892
1813
9966
-2000
1334
-8980
-8870
-7562
1915
7208
2255
-159
2191
3378
1255
660
-1586
-4422
-7570
3561
-4144
3012
5715
-352
9450
4095
-5912
7343
-8573
-1499
1388
-8312
2741
-5011
2905
624
-7769
-9579
-1069
-9477
-638
-291
-1986
-6221
-7781
1166
2353
-3915
-3685
8065
